870.01200
870.01600
870.01600
870.00200
870.00200
870.00700
870.00700
870.01000
870.00700
870.00700
870.00200
870.00200
870.01000
870.01000
870.00600
870.00600
870.01300
870.00600
870.00600
870.00000
870.00000
870.02500
870.02500
870.02000
870.02000
870.00200
870.00200
870.01100
870.01600
870.01600
875.07700
875.07700
870.01000
870.01000
870.01200
870.01200
870.01100
870.01900
870.01900
870.01200
870.01200
870.01200
870.01200
870.00000
870.00000
870.01200
870.01200
870.01200
870.00500
870.00500
870.00200
870.00200
870.00800
870.00800
870.00400
870.00400
870.00400
869.98800
869.98800
870.01500
870.01500
870.02300
870.02300
870.00300
870.00800
870.00800
870.01800
870.01800
870.01100
870.01100
870.01100
870.01100
870.01400
870.01400
870.00800
870.15500
870.15500
869.99800
869.99800
870.02500
870.02500
870.01300
870.01300
870.02300
870.32500
870.32500
870.01100
870.01100
870.00900
870.00900
870.00300
870.00300
870.02000
870.00500
870.00500
870.01100
870.01100
870.01900
870.01900
870.32300
870.32300
870.01700
870.02100
870.02100
870.00500
870.00500
870.01400
870.01400
870.00700
870.00700
870.01500
870.01500
870.01800
870.01200
870.01200
870.00900
870.00900
870.00500
870.00500
870.00000
870.00000
870.01500
869.99700
869.99700
870.00400
870.00400
870.01300
870.01300
870.00600
870.00600
870.00900
870.00800
870.00800
869.99800
869.99800
870.01500
870.01500
870.01200
870.01200
870.01100
870.01500
870.01500
869.99700
869.99700
870.00700
870.00700
870.01000
870.01000
870.00300
870.01100
870.01100
870.01200
870.01200
870.00700
870.00700
870.32400
870.32400
870.01100
870.01100
870.01600
870.01000
870.01000
870.02300
870.02300
870.01200
870.01200
870.01700
870.01700
870.01200
870.00800
870.00800
870.01200
870.01200
870.01500
870.01500
870.00300
870.00300
870.00600
870.00600
869.99600
870.01300
870.01300
869.99800
869.99800
869.99300
869.99300
869.68800
869.68800
870.00400
869.99900
869.99900
870.00900
870.00900
870.00700
870.00700
870.00700
870.00700
870.01200
870.00200
870.00200
870.01500
870.01500
870.00700
870.00700
870.00900
870.00900
870.00900
870.31300
870.31300
870.00000
870.00000
870.00700
870.00700
870.01100
870.01100
876.39800
876.39800
870.00300
870.01600
870.01600
870.01800
870.01800
870.01100
870.01100
870.02600
870.02600
870.01000
870.01900
870.01900
870.00700
870.00700
870.01500
870.01500
870.01600
870.01600
870.01500
870.00500
870.00500
869.99500
869.99500
870.01000
870.01000
870.01400
870.01400
870.01000
870.00700
870.00700
870.01000
870.01000
869.99600
869.99600
870.00700
870.00700
869.99600
870.00300
870.00300
869.99300
869.99300
870.02500
870.02500
870.01100
870.01100
870.01000
870.01000
870.00000
870.00800
870.00800
869.99700
869.99700
870.02800
870.02800
870.01600
870.01600
870.00200
870.00300
870.00300
870.00800
870.00800
869.99300
869.99300
869.99100
869.99100
870.00200
870.00300
870.00300
870.00700
870.00700
870.00200
870.00200
870.00200
870.00200
870.00600
870.00600
870.01200
869.85700
869.85700
870.01100
870.01100
870.00200
870.00200
869.69600
869.69600
870.01300
870.00900
870.00900
870.00000
870.00000
870.01100
870.01100
870.00600
870.00600
870.01800
870.01800
870.00100
869.77500
869.77500
869.99200
869.99200
870.02600
870.02600
869.99600
869.99600
870.01400
870.01300
870.01300
870.01200
870.01200
870.01600
870.01600
870.00400
870.00400
870.00700
870.00600
870.00600
870.00700
870.00700
869.99600
869.99600
870.00400
870.00400
870.01400
869.98700
869.98700
869.99900
869.99900
870.02700
870.02700
870.02100
870.02100
870.02100
870.02400
870.02400
870.01200
870.01200
870.01500
870.01500
870.00200
870.00200
870.00700
870.00700
870.01100
870.01300
870.01300
870.01200
870.01200
870.00700
870.00700
870.00400
870.00400
870.00300
869.99200
869.99200
870.01400
870.01400
870.01400
870.01400
870.00700
870.00700
875.06800
870.00000
870.00000
870.01000
870.01000
870.00200
870.00200
870.01500
870.01500
870.00600
870.01200
870.01200
870.00800
870.00800
870.01100
870.01100
870.01100
870.01100
870.00700
870.00700
876.39600
870.00100
870.00100
870.01300
870.01300
870.01000
870.01000
870.00500
870.00500
870.01000
869.99800
869.99800
870.00000
870.00000
870.01400
870.01400
870.01400
870.01400
870.01400
870.01500
870.01500
869.98900
869.98900
870.01200
870.01200
870.32700
870.32700
869.99200
826.28100
826.28100
870.01300
870.01300
870.00600
870.00600
870.01100
870.01100
870.01400
870.00900
870.00900
870.00800
870.00800
825.39800
825.39800
870.01200
870.01200
870.00700
870.00700
870.01400
870.00400
870.00400
870.00900
870.00900
870.01700
870.01700
870.00000
870.00000
870.01900
870.02000
870.02000
870.01000
870.01000
869.99600
869.99600
870.01400
870.01400
870.01900
870.00400
870.00400
870.00600
870.00600
870.00400
870.00400
870.01100
870.01100
870.01500
870.01200
870.01200
870.01300
870.01300
870.00200
870.00200
870.01000
870.01000
870.00200
870.00700
870.00700
870.01700
870.01700
870.00900
870.00900
869.99500
869.99500
869.99200
869.99200
870.01700
870.00200
870.00200
870.01500
870.01500
870.01200
870.01200
870.00100
870.00100
870.00900
869.99900
869.99900
870.01300
870.01300
870.01100
870.01100
870.00200
870.00200
870.01600
870.01600
870.00200
870.00600
870.00600
870.01800
870.01800
870.01300
870.01300
870.01700
870.01700
870.01700
870.01500
870.01500
870.00400
870.00400
870.01800
870.01800
870.00700
870.00700
870.00500
870.00300
870.00300
870.02400
870.02400
870.00000
870.00000
870.00600
870.00600
870.01500
870.01500
870.01800
870.00400
870.00400
870.32400
870.32400
870.31200
870.31200
870.02200
870.02200
870.32800
870.00800
870.00800
870.01600
870.01600
870.01500
870.01500
870.32800
870.32800
870.01800
870.00300
870.00300
870.01100
870.01100
870.01800
870.01800
870.01700
870.01700
870.01300
869.99800
869.99800
870.01200
870.01200
870.01900
870.01900
870.02400
870.02400
870.00400
870.00600
870.00600
870.01200
870.01200
870.00300
870.00300
870.01600
870.01600
870.02100
870.02100
870.00500
870.01000
870.01000
870.00800
870.00800
870.00700
870.00700
870.00200
870.00200
870.02100
870.00900
870.00900
826.28500
826.28500
870.00600
870.00600
870.01000
870.01000
870.01600
870.01200
870.01200
870.00800
870.00800
870.02000
870.02000
870.00600
870.00600
870.00600
870.00600
870.00900
870.02200
870.02200
870.03200
870.03200
870.00800
870.00800
870.00400
870.00400
869.99400
870.01600
870.01600
870.01400
870.01400
870.01800
870.01800
870.00300
870.00300
870.00800
870.00100
870.00100
870.00600
870.00600
870.01300
870.01300
870.01200
870.01200
870.01000
870.01000
870.00900
870.00000
870.00000
870.00800
870.00800
870.01700
870.01700
870.01200
870.01200
870.02200
870.01600
870.01600
870.01600
870.01600
870.01500
870.01500
870.00500
870.00500
870.01900
870.01900
870.01900
870.00500
870.00500
870.01700
870.01700
870.01200
870.01200
870.00400
870.01300
870.01300
870.00100
870.00100
870.01300
870.01300
869.99900
869.99900
870.00900
870.00900
870.02900
869.77200
869.77200
870.02200
870.02200
870.01000
870.01000
870.01100
870.01100
870.00900
870.01300
870.01300
870.01400
870.01400
870.01300
870.01300
870.01900
870.01900
870.00600
870.01400
870.01400
870.01100
870.01100
870.01500
870.01500
870.01700
870.01700
870.01300
869.99900
869.99900
870.01200
870.01200
869.68000
869.68000
870.01000
870.01000
870.01000
870.01000
870.01500
870.01500
870.01500
870.00900
870.00900
870.01900
870.01900
870.01600
870.01600
870.01000
875.39600
875.39600
870.01200
870.01200
870.02500
870.02500
870.00800
870.00800
870.00700
870.01200
870.01200
870.00900
870.00900
870.01500
870.01500
870.00000
870.00000
876.40000
870.01200
870.01200
870.01000
870.01000
870.02300
870.02300
870.02000
870.02000
870.01200
870.01200
870.01200
870.01300
870.01300
870.01300
870.01300
870.00200
870.00200
870.01000
870.01000
869.99900
869.99700
869.99700
870.00200
870.00200
869.98700
869.98700
870.01400
870.01400
870.01300
870.01300
870.01300
870.00700
870.00700
870.01600
870.01600
870.00600
870.00600
869.68200
869.68200
870.02200
870.00700
870.00700
869.99500
869.99500
870.00500
870.00500
870.00800
870.00800
870.01400
870.01600
870.01600
869.99300
869.99300
870.01700
870.01700
870.02200
870.02200
870.00100
870.01500
870.01500
870.02000
870.02000
869.99800
869.99800
870.00800
870.00800
870.02400
870.02400
870.00700
870.01400
870.01400
870.00800
870.00800
870.01200
870.01200
870.01100
870.01100
870.01400
870.00800
870.00800
870.00400
870.00400
870.00300
870.00300
870.02900
870.02900
870.00800
870.02200
870.02200
870.01200
870.01200
870.01300
870.01300
870.01700
870.01700
870.01800
870.01800
870.00800
870.01800
870.01800
870.00900
870.00900
870.01600
870.01600
870.02000
870.02000
870.01500
870.03600
870.03600
870.00700
870.00700
870.00400
870.00400
870.00000
870.00000
870.01200
870.00800
870.00800
870.01600
870.01600
870.02100
870.02100
870.02600
870.02600
870.00400
870.02600
870.02600
869.99900
869.99900
870.00500
870.00500
870.01700
870.01700
870.00900
870.00900
870.01600
870.01200
870.01200
870.01100
870.01100
870.00700
870.00700
870.01600
870.01600
870.00500
870.01000
870.01000
870.30800
870.30800
870.01500
870.01500
870.02200
870.02200
869.99500
870.00600
870.00600
870.02600
870.02600
870.01400
870.01400
870.01900
870.01900
870.01400
870.01400
870.01900
870.01300
870.01300
870.00000
870.00000
870.00200
870.00200
870.01900
870.01900
870.00400
870.01100
870.01100
869.99900
869.99900
870.00400
870.00400
870.01200
870.01200
870.02400
870.00600
870.00600
870.00100
870.00100
870.01600
870.01600
825.38900
825.38900
870.00700
870.00700
870.00400
870.02000
870.02000
870.00800
870.00800
870.01100
870.01100
870.02300
870.02300
870.02300
870.00700
870.00700
870.01300
870.01300
870.01600
870.01600
870.00900
870.00900
870.01100
870.01100
870.01100
870.00900
870.00900
870.01400
870.01400
870.00600
870.00600
870.03100
870.03100
870.00800
870.01400
870.01400
870.01400
870.01400
870.02000
870.02000
870.02700
870.02700
869.99600
869.69300
869.69300
870.01000
870.01000
870.02200
870.02200
870.03300
870.03300
870.00700
870.00700
870.02200
870.01700
870.01700
870.02800
870.02800
870.00600
870.00600
870.00800
870.00800
870.01000
870.02200
870.02200
870.01800
870.01800
870.00900
870.00900
870.01200
870.01200
870.00700
870.01900
870.01900
870.01300
870.01300
870.02600
870.02600
870.02200
870.02200
870.01800
870.00800
870.00800
870.01000
870.01000
870.02500
870.02500
870.01700
870.01700
870.01600
870.01600
870.00300
870.01300
870.01300
870.01500
870.01500
870.01600
870.01600
870.01700
870.01700
870.01200
870.00600
870.00600
869.69600
869.69600
870.01600
870.01600
870.01900
870.01900
870.01400
870.01600
870.01600
870.02400
870.02400
870.01700
870.01700
870.00100
870.00100
870.00000
870.00300
870.00300
870.01500
870.01500
870.02300
870.02300
870.00800
870.00800
869.99100
870.01600
870.01600
870.00700
870.00700
870.01300
870.01300
870.00900
870.00900
870.01400
870.01700
870.01700
870.00500
870.00500
870.01800
870.01800
870.01600
870.01600
870.00800
870.00800
870.02000
870.00800
870.00800
870.00700
870.00700
870.00600
870.00600
869.99400
869.99400
870.01600
870.00000
870.00000
870.02200
870.02200
870.01000
870.01000
870.00700
870.00700
870.01500
869.99600
869.99600
870.01300
870.01300
870.00700
870.00700
870.01500
870.01500
870.01400
870.01400
870.02100
876.39000
876.39000
870.01700
870.01700
870.02600
870.02600
870.01900
870.01900
870.00200
870.00800
870.00800
870.01400
870.01400
870.02600
870.02600
870.14500
870.14500
870.01100
870.02500
870.02500
869.99700
869.99700
870.00700
870.00700
870.01700
870.01700
870.01600
870.00400
870.00400
870.01400
870.01400
870.00500
870.00500
870.00900
870.00900
870.00400
870.01000
870.01000
870.00900
870.00900
870.00800
870.00800
870.02400
870.02400
869.69100
869.69100
869.99100
870.00600
870.00600
870.00900
870.00900
870.01400
870.01400
870.00400
870.00400
870.00800
870.01600
870.01600
870.01000
870.01000
870.25200
870.25200
870.01400
870.01400
870.01400
870.01400
870.01400
870.02100
870.02100
876.38400
876.38400
870.01800
870.01800
870.02300
870.02300
870.00800
870.02800
870.02800
870.02200
870.02200
870.00200
870.00200
870.01900
870.01900
870.01500
870.01800
870.01800
870.01300
870.01300
870.01100
870.01100
870.02000
870.02000
870.01000
870.02400
870.02400
870.00500
870.00500
869.99600
869.99600
870.24100
870.24100
870.00400
870.01000
870.01000
870.01400
870.01400
870.00600
870.00600
870.01300
870.01300
870.00700
870.00700
870.02400
870.00100
870.00100
870.01200
870.01200
870.01900
870.01900
870.01300
870.01300
870.02000
870.01800
870.01800
870.01600
870.01600
870.01300
870.01300
870.02800
870.02800
870.01600
870.01400
870.01400
870.01300
870.01300
870.00700
870.00700
870.32500
870.32500
870.01200
870.01400
870.01400
870.32200
870.32200
870.01600
870.01600
870.01800
870.01800
870.01400
870.01800
870.01800
870.00200
870.00200
870.01400
870.01400
870.01700
870.01700
870.01200
870.34000
870.34000
870.01400
870.01400
870.02000
870.02000
870.01000
870.01000
870.01700
870.01700
870.00800
870.01900
870.01900
870.00800
870.00800
870.01400
870.01400
870.01600
870.01600
870.01500
870.00800
870.00800
870.00200
870.00200
870.00500
870.00500
870.00500
870.00500
870.01200
870.01200
870.01300
870.01400
870.01400
870.02000
870.02000
870.01200
870.01200
870.00600
870.00600
870.33400
870.02900
870.02900
870.00500
870.00500
870.02800
870.02800
870.02100
870.02100
870.00900
825.38600
825.38600
870.32900
870.32900
876.62100
876.62100
869.99800
869.99800
870.02000
870.01400
870.01400
870.01400
870.01400
870.03000
870.03000
870.00900
870.00900
870.01700
870.01300
870.01300
870.01000
870.01000
870.02600
870.02600
870.01100
870.01100
870.00100
870.00100
870.02100
870.01200
870.01200
870.01100
870.01100
870.02300
870.02300
870.02100
870.02100
870.00700
870.00900
870.00900
870.00300
870.00300
870.01600
870.01600
870.01000
870.01000
870.02000
870.02300
870.02300
869.99300
869.99300
870.01200
870.01200
870.00500
870.00500
870.02100
870.02200
870.02200
870.01800
870.01800
870.02000
870.02000
870.33500
870.33500
870.00200
870.00200
870.02600
870.01000
870.01000
870.01500
870.01500
870.02200
870.02200
870.02300
870.02300
870.02300
870.00600
870.00600
870.00600
870.00600
870.01700
870.01700
870.01900
870.01900
870.00600
869.99100
869.99100
870.01200
870.01200
870.01400
870.01400
870.01300
870.01300
870.02000
870.02000
870.00000
870.01900
870.01900
870.00500
870.00500
870.00600
870.00600
870.02400
870.02400
869.99900
870.01000
870.01000
825.96700
825.96700
870.02500
870.02500
869.85700
869.85700
870.02100
870.01000
870.01000
870.01900
870.01900
870.02300
870.02300
826.57000
826.57000
870.01000
870.01900
870.01900
870.00700
870.00700
870.02100
870.02100
870.00800
870.00800
870.02700
869.99500
869.99500
870.01400
870.01400
870.01300
870.01300
870.01700
870.01700
870.00700
870.00700
870.15400
870.00900
870.00900
870.00700
870.00700
870.00400
870.00400
870.02300
870.02300
870.01200
870.01000
870.01000
875.25200
875.25200
870.01000
870.01000
869.78100
869.78100
870.02600
870.01800
870.01800
870.01700
870.01700
870.01200
870.01200
870.00700
870.00700
870.02600
870.33100
870.33100
869.99600
869.99600
870.01700
870.01700
870.01000
870.01000
870.01300
870.01400
870.01400
870.01800
870.01800
870.00700
870.00700
870.01500
870.01500
870.01400
870.01400
870.00800
870.01000
870.01000
870.01800
870.01800
870.00900
870.00900
870.02000
870.02000
870.02500
870.00200
870.00200
870.00900
870.00900
870.00700
870.00700
870.02100
870.02100
870.01200
870.15700
870.15700
870.00700
870.00700
870.00200
870.00200
870.01900
870.01900
870.02300
870.01500
870.01500
870.02400
870.02400
870.02900
870.02900
870.02200
870.02200
870.01000
870.00600
870.00600
870.01600
870.01600
870.01300
870.01300
870.01100
870.01100
870.15600
870.15600
870.01800
870.00900
870.00900
870.01300
870.01300
870.00000
870.00000
870.02000
870.02000
870.01700
870.00700
870.00700
870.00800
870.00800
826.29300
826.29300
870.00700
870.00700
870.01800
870.00900
870.00900
869.99900
869.99900
870.00700
870.00700
870.02000
870.02000
869.99400
870.02100
870.02100
870.01300
870.01300
870.01000
870.01000
870.00600
870.00600
870.01300
870.01300
870.01900
870.01000
870.01000
870.01700
870.01700
870.01700
870.01700
870.01500
870.01500
870.00000
870.01600
870.01600
869.69100
869.69100
870.02000
870.02000
869.99700
869.99700
870.01000
870.01100
870.01100
870.01500
870.01500
870.00400
870.00400
870.00500
870.00500
870.01800
870.01800
870.00400
870.00800
870.00800
870.01600
870.01600
870.02200
870.02200
870.00700
870.00700
870.00800
870.02100
870.02100
870.01100
870.01100
870.02700
870.02700
869.99700
869.99700
870.01900
870.01900
870.01900
870.00800
870.00800
870.00200
870.00200
870.00600
870.00600
869.86100
869.86100
870.01000
870.00400
870.00400
870.00700
870.00700
870.01800
870.01800
870.00300
870.00300
870.00800
870.00400
870.00400
870.02800
870.02800
870.01700
870.01700
870.01500
870.01500
870.01300
870.01500
870.01500
870.01700
870.01700
870.01400
870.01400
870.02300
870.02300
870.03400
870.03400
870.00900
870.01900
870.01900
869.99200
869.99200
870.00900
870.00900
870.00800
870.00800
870.01800
870.01600
870.01600
870.00500
870.00500
875.39800
875.39800
870.01500
870.01500
870.00600
870.02200
870.02200
869.69600
869.69600
870.00700
870.00700
870.02100
870.02100
870.01200
870.01300
870.01300
870.01500
870.01500
870.01600
870.01600
870.01400
870.01400
870.00700
870.00700
870.02100
870.00800
870.00800
870.01300
870.01300
870.01400
870.01400
870.30800
870.30800
870.02700
870.01300
870.01300
870.02000
870.02000
870.01200
870.01200
870.01400
870.01400
870.01400
870.02100
870.02100
870.02600
870.02600
870.00600
870.00600
870.00200
870.00200
870.01300
870.02200
870.02200
870.01600
870.01600
876.37900
876.37900
826.29400
826.29400
825.98500
825.98500
870.02400
870.03100
870.03100
825.99100
825.99100
870.01700
870.01700
870.01000
870.01000
870.00400
870.00800
870.00800
875.07800
875.07800
870.01500
870.01500
870.01200
870.01200
870.01400
870.01400
870.32600
870.01400
870.01400
870.01800
870.01800
870.02000
870.02000
870.00900
870.00900
870.01800
870.02000
870.02000
869.99300
869.99300
870.01500
870.01500
870.31800
870.31800
876.38600
870.01200
870.01200
870.00400
870.00400
870.01600
870.01600
870.03100
870.03100
870.01200
870.01400
870.01400
870.01800
870.01800
826.29300
826.29300
870.00500
870.00500
826.57300
826.57300
870.02300
870.01200
870.01200
870.01900
870.01900
870.02100
870.02100
870.01600
870.01600
826.57800
870.00700
870.00700
870.00900
870.00900
870.01300
870.01300
870.00700
870.00700
870.02800
826.56800
826.56800
870.01100
870.01100
870.01200
870.01200
870.00900
870.00900
870.02400
870.02400
826.57900
870.02100
870.02100
870.01400
870.01400
869.69100
869.69100
870.01800
870.01800
870.00600
870.01000
870.01000
870.01700
870.01700
870.01700
870.01700
870.00900
870.00900
870.02400
826.42200
826.42200
870.01300
870.01300
870.02100
870.02100
870.02600
870.02600
870.02100
870.02100
870.02000
869.99400
869.99400
826.56700
826.56700
870.03000
870.03000
870.01700
870.01700
870.02000
870.01600
870.01600
870.00600
870.00600
870.01300
870.01300
870.01400
870.01400
870.01800
870.01600
870.01600
870.01800
870.01800
870.01500
870.01500
870.01900
870.01900
870.00000
870.16600
870.16600
870.01800
870.01800
870.00500
870.00500
870.01700
870.01700
870.01800
870.01400
870.01400
870.00500
870.00500
870.02000
870.02000
870.02500
870.02500
870.00900
870.00900
870.02500
870.00700
870.00700
870.01900
870.01900
870.01700
870.01700
870.01400
870.01400
870.02000
870.02800
870.02800
870.01600
870.01600
870.01500
870.01500
870.01000
870.01000
870.00900
826.27400
826.27400
870.02200
870.02200
870.01900
870.01900
870.00800
870.00800
870.01600
870.00900
870.00900
870.01800
870.01800
870.01900
870.01900
870.00400
870.00400
870.00700
870.00700
876.22200
870.03000
870.03000
869.99600
869.99600
870.00400
870.00400
870.01400
870.01400
870.00300
870.02000
870.02000
870.00200
870.00200
870.01400
870.01400
870.02300
870.02300
870.01600
870.02400
870.02400
870.00900
870.00900
870.01200
870.01200
870.01800
870.01800
870.01600
870.01400
870.01400
870.01200
870.01200
870.01400
870.01400
870.02500
870.02500
870.01200
870.01200