747.70300
747.72100
751.45000
751.42200
751.45100
751.46500
752.40600
747.70100
751.45100
747.71400
751.45300
747.52000
747.70800
747.53200
747.71200
752.41500
752.40900
747.71200
747.71100
748.68700
747.70500
751.44000
751.43000
751.46200
747.71200
751.45100
747.70200
747.70700
747.71600
747.71400
747.70100
751.45500
748.19900
747.72300
747.70400
747.58500
751.43200
748.67300
751.44600
752.40600
747.70900
747.70700
747.72200
751.44800
751.44200
752.28500
747.62000
747.70300
747.69800
747.70600
752.40000
747.70500
747.54100
752.42300
752.41600
747.70700
751.44900
751.43600
751.44100
747.70800
747.70100
747.69600
743.83100
751.44900
751.45200
747.46700
751.44900
751.43600
747.70900
747.70000
747.46800
751.45400
747.70500
752.41800
747.70600
747.45700
747.71600
751.44900
747.70300
747.47000
747.68800
751.43600
747.69800
747.47600
747.70300
747.70800
747.70300
719.48300
747.71100
747.71000
747.70100
747.69100
747.71200
751.44900
747.46500
718.80900
752.41700
747.70600
751.44900
718.60100
751.46000
751.44000
747.71300
751.45300
751.43700
751.47100
751.43700
747.71200
747.70500
751.43800
747.70600
747.70400
747.70300
751.43100
747.70700
747.69900
747.52500
751.44100
751.45700
747.69900
747.70600
747.69100
751.43600
751.44800
751.43400
752.40400
747.54300
747.71500
747.44900
752.42900
747.71600
747.71500
747.70700
751.44900
751.44000
752.43000
751.45300
752.43200
748.43500
751.44400
751.45400
751.44000
747.70600
747.70200
747.70700
751.46200
747.70900
747.71800
751.43200
751.43400
752.41500
751.43600
752.43000
715.18100
747.59300
747.68500
747.46900
747.69800
747.70500
751.43900
747.71800
751.43500
747.71200
751.45100
752.41400
751.43900
747.70900
752.41400
752.41500
747.73000
718.59100
747.70500
747.69000
747.70800
751.42900
751.43800
748.42000
747.70700
751.45200
751.44800
747.95200
751.45200
751.43200
747.71200
751.44200
751.45300
747.69800
751.44900
747.70000
751.42100
751.45100
751.45300
747.52500
748.54100
752.43700
752.41500
751.42500
752.41800
747.70400
747.70700
751.44900
747.70800
752.33700
747.68700
751.44000
751.44400
719.25200
747.71400
748.60900
747.46100
747.71000
751.44900
751.45100
751.45900
747.71200
743.99200
747.72600
747.45500
751.44100
747.69600
752.41500
751.69000
751.43300
751.44500
751.44700
751.43800
751.42200
747.71200
747.70900
719.48300
751.43800
747.70300
752.40400
751.44800
751.43400
751.43100
747.70900
747.70100
743.78300
751.44800
748.65900
751.44400
751.45400
752.40900
747.70800
752.42200
744.01300
747.70600
747.70500
752.40200
747.71900
751.43900
747.94600
751.43700
751.44000
718.60500
747.70800
751.45300
751.42500
747.70600
747.70600
751.44300
751.45000
752.33600
751.43900
747.71500
747.70600
752.40100
752.40100
748.67200
752.41400
747.46400
747.70400
747.70200
751.44200
747.46000
747.94400
751.44900
751.44000
747.45200
747.69900
747.71700
747.71100
751.44100
751.41700
751.42800
751.44500
747.45300
751.43800
751.45600
747.70000
747.45900
747.71100
751.45600
747.71500
751.44500
747.72000
718.35900
751.45600
751.44500
751.43800
747.69100
752.42600
747.70400
747.71200
747.70900
751.44100
751.44400
747.72400
751.44200
751.43600
751.44400
751.44800
751.44400
744.01100
747.45100
751.44900
718.59700
751.42900
747.59500
747.71400
718.58900
752.39500
747.71700
747.70800
751.43000
751.43700
747.72500
747.69600
747.68600
747.70100
744.01600
747.71200
751.44100
747.45200
747.46900
747.70300
747.70200
751.42800
719.58700
747.70900
751.44500
747.70000
752.16800
752.41500
747.71200
752.41000
748.41000
752.41900
747.70200
751.45300
747.48100
751.44100
751.43000
747.70100
747.70800
747.22100
751.44600
747.70800
747.69000
747.70600
747.71100
747.71300
751.45900
747.71600
747.72300
747.52300
751.46100
747.70500
747.69200
751.44400
751.45200
747.70300
747.71200
718.58900
747.70000
747.59000
747.71300
752.42000
747.70200
751.43800
751.43400
747.71400
751.45100
751.44600
747.70600
747.71400
751.45200
688.69400
751.45400
747.70000
715.18300
747.71600
747.53500
751.44400
752.42000
744.48400
747.70900
747.70800
751.42700
747.71000
751.43300
747.71700
715.18300
751.42200
751.44800
747.47200
751.44800
718.58800
751.44900
747.69300
747.71300
747.70400
751.43200
752.42900
747.70900
751.44600
747.70900
747.70300
747.46900
747.47400
747.69700
751.43000
751.45500
747.45100
747.71300
751.46000
751.44800
751.42900
747.70100
751.44600
752.42000
747.69900
751.43600
751.44600
751.44800
747.70500
747.71900
747.71500
751.43000
747.69900
708.22500
751.45000
751.44300
747.46400
751.44700
747.46500
747.70600
751.44600
715.17000
752.42100
751.44200
748.19100
747.46500
747.70300
752.43600
747.70300
748.68500
752.42600
752.16000
752.19000
747.71200
747.70600
747.69500
747.71300
747.70600
747.70800
747.70800
752.41100
715.17800
747.69800
744.00700
751.44700
747.69700
747.69000
752.14400
751.43600
747.71400
751.42800
751.44600
747.71400
751.46100
747.71600
747.68900
747.71800
751.45100
751.43500
751.44100
747.69900
751.45100
747.71100
751.43000
747.70000
751.44600
747.70500
747.70800
751.45200
747.70400
752.41700
747.69600
751.44900
751.41700
747.71600
747.70300
747.70500
751.44900
751.44100
747.70800
747.71700
747.71200
751.43900
747.71500
751.44200
751.44100
747.71100
747.70700
747.47100
747.71000
747.47800
751.43700
748.28400
752.41500
747.71600
747.45900
747.71100
747.71200
751.44800
747.71100
751.44800
747.71400
747.70300
751.45200
747.70600
718.60900
747.71400
747.69600
751.44300
747.71300
747.70500
747.71000
747.70600
751.44500
747.71500
751.43600
747.70200
751.43000
747.72400
752.39800
751.44700
747.53000
751.44100
752.27800
751.44100
747.45300
751.45100
747.60900
751.42900
747.69900
751.42500
751.45600
751.44400
751.42800
751.43300
751.44800
718.58200
747.70700
747.70700
751.44600
748.41200
751.43800
751.44900
751.45000
752.40500
747.71000
751.44400
752.34400
752.42100
747.70100
747.68800
751.43600
751.45400
751.43900
748.19900
747.70900
747.70000
751.44000
748.34200
751.43800
747.70900
744.01900
751.45400
718.82100
747.72100
751.44100
715.16700
751.44500
751.45300
747.70600
747.46500
747.71800
747.69100
747.70900
751.44000
748.43500
747.70400
752.42100
751.45300
751.43600
747.70000
751.44600
718.59000
715.16900
752.16200
718.59700
751.43100
747.47100
747.46600
747.45600
751.43700
747.71100
752.26900
751.44300
747.70900
752.41300
751.45500
747.71000
747.70100
744.00000
718.59200
747.54000
747.70800
751.45200
751.44500
751.46300
747.71500
747.45300
751.45000
747.69500
751.43500
751.44200
752.15900
751.44000
747.70900
747.71500
752.40000
752.27500
743.98800
747.71700
751.46800
751.43200
747.70400
751.44500
751.44300
747.70400
751.45600
747.46700
747.69200
751.43600
751.43600
752.40800
747.69600
751.43200
751.44300
751.43000
747.70900
747.70300
752.40400
748.40700
747.70300
718.58100
751.43100
719.27300
747.69400
747.47700
747.71100
751.43100
747.71500
747.71900
747.70900
747.71000
751.44900
747.71500
747.47300
751.45400
751.45800
747.72000
751.44100
747.58300
751.42900
747.69400
751.44700
747.69100
747.70800
747.69100
752.15000
752.64600
751.43800
751.44100
716.05600
747.70400
751.44000
747.69600
747.70500
752.16000
747.70500
747.70800
718.60300
752.41200
747.70600
751.44200
747.71200
747.70400
747.70100
747.68200
751.45700
718.59400
751.44600
751.43000
751.45300
747.46100
747.70600
747.46800
747.69800
747.70400
747.72100
752.40700
747.69600
747.47400
747.71200
747.70900
747.71100
747.71100
751.43900
747.71800
751.45100
747.70200
748.66600
751.45800
752.40900
747.69700
748.67500
747.71300
752.41000
747.69900
747.70300
747.70300
752.40600
747.71300
719.58400
747.53300
747.71400
751.43000
747.69500
747.70000
751.42300
747.52300
748.42200
744.01300
747.70800
747.71300
751.44900
751.45400
747.69800
747.70800
747.71500
748.68300
747.70500
752.40800
751.44300
715.40700
751.44900
751.44000
747.70500
751.44900
751.44100
747.70000
747.71600
747.72200
752.42900
747.70200
747.70400
747.71700
751.44600
747.70800
747.70100
747.71800
747.70000
751.43000
747.70100
751.44200
747.70600
747.70000
752.27700
751.44800
752.32800
748.17900
747.70900
747.52500
751.43800
751.44200
752.39700
751.45800
751.44000
751.44500
747.46700
747.70800
747.71300
715.17400
751.42800
751.45000
747.72200
751.43800
752.40800
748.43700
747.71400
751.43500
747.69900
747.70400
747.70600
751.43100
747.59300
747.70900
751.42300
747.68700
747.71100
747.71000
751.45500
751.42800
751.44000
751.44100
747.70900
747.46500
747.69400
747.71800
747.72200
751.43200
747.46800
751.43800
747.46200
718.59300
747.69600
747.69400
751.44600
751.45500
747.71000
748.60500
752.41800
751.46200
747.72600
751.44000
751.44700
751.44700
751.43900
747.70200
747.71400
747.70900
752.40900
747.23600
751.44200
751.43200
747.70700
747.70700
751.45000
722.27000
752.15700
751.43300
747.70400
743.99600
747.70900
752.41300
752.41300
719.26100
751.43400
752.39900
747.69500
751.43000
747.70600
747.71500
747.69500
747.47200
751.42400
718.59500
747.70800
751.43300
747.70500
751.44100
747.71400
751.42400
752.40000
718.58700
752.41900
747.70600
751.44200
747.71400
685.76300
747.70300
752.40800
751.45200
751.45000
747.70100
752.41300
747.70300
747.70200
751.44700
747.71600
751.43700
751.43700
747.71200
751.44900
752.42100
751.43800
719.27100
718.60400
752.40900
752.15800
752.40800
751.45100
751.43400
751.44200
747.69800
747.69200
747.70200
751.43700
747.70000
751.44200
747.70700
752.41100
751.44000
751.43200
747.47400
747.70900
747.51900
747.69900
751.44300
747.70300
747.60000
747.69300
752.42400
751.44500
747.70900
747.71600
751.43800
747.71500
747.70400
751.43700
751.44600
751.44700
747.70400
751.43300
747.70400
751.44900
752.41500
747.71700
751.43000
751.45000
747.70900
747.70600
747.68900
747.70300
747.77700
747.71100
747.70200
751.45000
751.44400
747.71100
751.45100
751.43700
751.45200
751.45000
747.47200
747.71300
747.70900
747.70500
747.70300
751.42100
747.70300
751.46100
751.44000
715.18900
751.45500
747.70800
751.43100
747.46500
751.44200
751.44000
751.43900
752.39700
747.70100
747.70100
751.43400
747.70400
752.26800
747.69200
748.67200
747.71600
747.70100
744.00500
747.68800
747.70400
747.70500
747.70000
747.70900
747.70400
747.71500
747.71600
752.42200
747.70900
751.43100
751.45100
748.66800
747.69400
747.70300
751.44100
747.70000
752.41400
747.70300
751.44800
747.69800
747.70800
751.43100
751.42800
751.43100
751.42400
747.71500
747.47400
747.71400
752.34400
747.71400
751.47700
747.71800
752.41600
751.44600
751.44100
747.70900
719.47300
747.71600
751.42900
751.44400
747.70100
747.70100
747.69600
748.53200
747.71400
751.43600
748.39800
752.41400
718.60000
747.54400
747.69600
751.44400
747.70400
751.45600
747.70700
747.45200
747.71400
751.44500
751.45200
718.59800
752.33700
751.44700
747.72200
751.42700
747.54000
747.71200
751.44600
719.25200
747.70600
751.43500
751.44900
751.43800
752.18500
751.44300
751.45600
718.60000
751.44000
747.70800
751.44400
751.44000
747.70600
752.41900
751.45500
747.70900
747.70000
747.70900
747.70200
747.70100
747.71300
751.44900
751.44000
751.43200
751.44500
747.69300
751.43100
747.69800
751.45700
747.70900
751.44500
752.43200
751.44200
752.40500
751.44500
751.44500
747.71100
747.70200
751.44800
747.69800
747.71000
751.44600
747.70800
751.44000
747.72000
747.71300
747.70400
747.71700
751.44800
751.45200
747.69800
751.44500
744.47600
747.70000
747.70000
751.45700
747.70900
751.44300
747.45700
747.68500
751.43400
747.71700
751.46200
747.72300
747.70600
751.46300
747.70600
747.70300
747.70300
752.41400
747.63700
744.00500
751.44700
748.42400
747.71300
751.44400
751.44300
751.45900
747.70200
751.44300
747.71700
751.45600
751.43600
747.69200
747.70500
751.44700
747.71800
751.44300
751.43800
747.70700
751.44100
747.71000
747.70900
748.19100
747.72000
751.45000
752.42000
751.43000
747.70100
718.49600
751.45200
751.42800
751.45000
747.71600
751.43600
747.69400
752.40300
747.45900
751.44300
751.44300
718.60200
747.71000
747.72000
747.47400
747.70200
751.43900
747.71400
751.43700
747.70700
747.70500
751.45100
747.70200
747.53900
752.32600
747.71900
751.43500
751.44600
747.46400
747.70700
747.70700
747.71300
747.70700
752.40600
751.42500
747.69900
752.41900
751.43700
751.43800
747.72100
747.72300
747.70400
747.70600
747.71600
752.40700
747.70000
751.43400
751.44900
747.71500
747.69900
751.42400
751.43700
751.44200
751.43800
747.72400
751.45000
751.44700
751.42700
751.43900
747.69700
747.71300
747.70400
751.43000
747.71800
747.71100
747.71300
751.44600
751.44100
751.44800
752.41000
751.44500
751.45100
751.44800
747.71500
751.44100
751.44000
752.16700
751.44400
747.70600
718.58800
747.71000
752.42700
751.44000
719.48800
747.70200
751.45100
751.44000
747.70600
747.71100
747.60300
751.43900
747.71200
747.70600
751.44200
751.45000
747.69200
718.98200
751.44800
747.70800
751.44200
752.41900
751.44300
751.43400
747.72600
751.44000
752.42300
744.00900
751.42600
747.70400
747.71200
748.61500
751.43900
751.44300
747.60600
747.71100
744.00900
751.45200
751.42300
747.71300
747.70500
751.45100
752.41200
747.70800
752.41900
752.41700
751.43900
715.18400
747.69900
752.41000
743.84000
747.70100
748.19600
715.17300
751.45500
747.71200
747.70000
747.71900
751.43200
719.41300
718.59000
747.70500
752.42800
747.70500
751.44800
747.69300
747.70400
747.70900
747.69600
751.43800
751.44000
751.43000
751.43300
751.44500
751.43500
751.44600
747.70100
751.43900
747.69900
751.44000
718.59700
751.45300
747.69900
747.60200
747.71000
747.70600
751.44900
747.69800
752.40100
752.41500
748.18800
747.70900
747.69500
747.71600
752.42000
747.68900
747.70400
751.44000
747.71100
751.43300
752.41400
747.70400
747.72100
747.70300
751.44400
747.70300
751.44100
751.44100
751.45400
752.41400
751.44000
751.45400
751.44800
747.69200
747.46700
718.60500
747.69800
747.70200
747.70400
747.70000
751.44100
747.71600
747.46600
747.70100
747.70100
747.47300
747.47500
751.44900
751.44800
747.70200
751.42000
752.41600
751.45600
752.41600
747.71000
751.44800
752.41600
751.43800
752.39200
747.71600
715.17800
751.45700
718.58900
751.42700
747.70800
747.70100
747.71400
747.70700
751.46100
718.61000
718.60300
751.45700
747.70800
747.70400
718.58800
751.45000
747.71600
751.43900
715.18300
747.71200
747.69500
751.44100
752.40100
747.69700
747.70900
747.70900
747.71600
751.44700
752.41800
747.71400
752.41000
747.46000
752.41700
747.45600
718.58000
752.34100
747.70300
752.39700
747.71800
747.70200
747.70300
747.46800
747.72100
752.40400
747.70800
740.12400
747.70800
751.43600
747.70900
748.41400
747.69700
747.69300
751.45200
751.44900
751.44800
751.43900
747.70000
747.70100
751.43400
751.42300
751.44800
747.70400
748.66800
747.70500
752.41400
747.72200
751.42100
747.70500
751.44500
747.71600
747.70000
747.71300
751.44200
747.71300
751.45000
747.70100
747.70200
751.44400
751.43600
747.70200
747.70200
751.44400
747.70200
751.43100
751.45200
747.71400
752.34900
747.70500
727.56500
747.70700
752.39700
747.71800
747.70600
752.40000
752.41100
747.69300
747.71500
751.44200
752.41700
747.69200
747.70500
752.40100
751.44800
752.28000
751.44200
751.46500
747.70500
747.70100
747.70700
751.44200
747.62800
747.70400
751.45000
747.69900
751.45400
747.70100
747.71500
751.44100
747.71400
747.70000
747.70800
751.44200
752.40700
747.71800
751.45300
752.41300
747.69800
747.70200
751.44200
751.43800
715.82600
747.71500
752.40700
747.69400
747.70300
747.69800
719.03400
747.69400
747.71000
751.44800
747.70200
751.45200
747.69800
751.45000
747.70900
751.43600
751.43200
751.44600
751.44100
751.44000
751.44500
714.95500
747.71200
751.43900
747.47900
751.44200
747.70600
751.44100
751.45000
747.70100
747.71400
747.71100
747.71600
715.17600
747.69100
747.71200
747.45800
751.44300
752.40600
747.71200
747.71200
751.45100
751.44800
747.70800
751.43800
751.45900
751.43300
752.17500
751.44500
752.42200
751.43700
747.70800
751.44700
747.70600
751.43700
751.44700
752.41100
747.69700
747.70600
747.70400
751.43300
751.44200
747.70700
751.44800
751.45600
747.70100
751.44000
751.45800
747.70600
752.42300
752.42400
744.01400
751.43700
752.41600
751.43900
747.46800
752.41100
747.69100
747.69700
751.44800
752.41000
751.44500
748.66600
747.71300
751.45400
751.44500
751.46500
751.44800
747.70100
747.70800
747.70900
751.44700
752.41200
747.70000
751.44600
751.43900
751.43500
751.44300
752.40800
747.70400
747.71900
748.66200
744.01300
751.44500
747.47800
747.70300
747.72100
751.43700
744.00300
751.43100
747.70800
752.41200
751.45400
747.59600
747.68900
747.53300
747.70100
747.69500
747.71700
751.45200
751.43500
747.47500
747.48000
747.70000
747.70600
751.43800
747.71900
747.71800
747.53900
747.70500
751.43900
751.44700
747.72000
747.71100
751.43600
747.70700
747.70300
751.44700
751.45400
719.48200
747.70900
747.72100
715.17900
751.44200
747.70000
747.71000
751.44000
751.45200
747.70500
743.99600
751.43600
752.40600
747.70000
748.41400
747.71100
747.46400
747.70700
747.69800
747.46700
747.71000
751.43800
751.44400
751.45300
747.71300
747.70000
747.71300
751.45800
747.70900
747.59100
747.72000
747.70600
751.43600
747.71500
751.43800
747.71500
747.70300
751.44700
747.70200
747.70100
747.71900
747.60500
747.70700
751.43600
751.44800
718.59100
747.71400
751.45500
718.81600
747.69700
747.71600
747.71300
752.40800
751.43700
751.44900
747.62500
718.71400
747.70400
751.44200
751.42700
747.53500
747.71000
751.45100
747.71500
747.70600
751.44500
747.70400
751.45300
747.70000
747.52700
751.43900
751.43900
747.69700
751.42800
751.43000
751.43100
747.70600
747.70000
747.71400
747.71600
747.45900
747.71700
751.45000
747.70600
747.68800
747.69800
747.70600
747.70500
747.70400
747.72300
751.42900
751.44800
751.44000
747.72600
752.39800
751.43700
718.59500
748.68600
751.68500
747.53500
747.62400
747.70700
747.71200
747.70400
751.43500
747.47700
747.72300
747.71300
751.44200
747.71800
752.41200
718.59400
747.70900
751.43500
751.44100
747.70700
747.46600
719.37200
752.15300
747.71100
751.44800
751.43900
751.43900
751.44100
752.42400
747.70800
751.44200
747.71500
751.45100
747.45900
747.69200
747.69600
752.42700
751.44800
751.44800
747.71000
751.44000
752.40000
747.69600
752.42400
747.71000
747.70900
747.69800
747.70100
747.70700
747.70200
751.42600
743.84300
751.44300
751.42600
751.43700
747.47300
747.70500
751.68100
747.71000
715.18200
747.70100
748.40600
718.59900
719.27100
751.43900
751.44700
747.71900
751.44100
747.71200
751.42000
747.71600
747.47000
747.44900
751.45300
751.43900
751.42700
747.69900
747.69300
747.53400
747.70500
747.71400
747.71300
747.71700
747.54500
752.41700
744.01900
747.69800
718.59600
747.70500
747.71900
752.40400
692.00700
751.43600
747.70400
747.69100
747.70000
751.43800
747.60000
719.26800
718.61200
747.69700
751.45000
747.69000
747.70700
718.59300
752.16300
751.45000
751.45200
751.44500
751.44400
751.44000
747.70600
747.70700
719.26000
747.70200
751.43500
751.43600
752.40100
747.71600
688.91300
747.71200
751.44100
747.71500
751.45100
751.44800
747.72100
747.45900
751.43400
747.71700
751.44500
747.71100
747.70600
751.44100
747.70500
751.43200
747.68600
751.43500
751.43700
747.69700
747.70100
752.42900
751.43400
747.68900
747.70300
747.70700
747.71700
747.70000
747.60800
747.71000
747.70100
747.71500
752.42000
747.70200
747.70700
747.70500
751.43700
715.18500
715.18500
747.69900
747.70900
747.71400
751.45100
752.41000
718.59500
751.44400
747.71100
747.71400
747.69400
718.59400
747.70600
751.45300
747.63700
747.70500
747.70000
747.69300
747.71100
748.60500
747.70900
752.17000
751.43700
747.71900
752.42400
751.43000
747.71100
751.44500
752.40200
747.71200
747.58900
751.43100
747.54300
747.70200
747.71100
751.45100
752.42100
747.71400
747.70100
751.44700
747.72600
751.44900
751.45700
747.70800
715.17300
747.46300
751.45400
751.44200
751.45100
747.70600
752.41800
751.44800
752.40300
751.44200
747.70700
747.71600
747.71100
748.53500
751.44100
747.47400
752.17500
747.70500
751.44500
747.71100
752.41400
751.43000
747.69600
747.71300
751.44600
747.70800
751.42800
747.69600
751.44000
751.44700
747.71400
751.44400
747.70100
747.45000
752.39300
752.42700
718.59000
747.70800
751.44500
747.70400
743.93300
747.69200
751.44500
747.70500
719.48700
747.70600
752.40800
747.71500
752.39600
747.70500