747.69900
751.45600
751.45500
751.56100
751.43700
746.81600
750.71500
747.70800
751.67900
751.45600
751.42900
751.43800
751.67100
751.56600
746.97300
751.44100
751.44600
751.46800
747.71200
751.45800
751.45300
751.44900
751.45900
746.75000
751.44200
751.45200
746.80700
751.46300
751.44400
751.44000
747.72200
751.46000
751.44600
751.47800
751.46500
751.45200
751.43200
746.74700
751.68500
751.45000
750.72600
751.44400
751.45500
751.45400
751.62700
746.74600
746.74300
746.98300
751.46800
751.47700
747.71000
751.45900
751.45100
751.45100
751.45100
751.45600
746.87800
751.69600
751.44900
751.46200
746.74500
751.45700
751.44500
751.43300
751.41400
751.45500
746.74100
751.45900
751.46700
751.45500
751.44700
746.75800
746.73400
744.52800
751.44700
747.71000
750.71200
751.45500
751.45600
746.77400
751.44800
751.45900
751.60300
746.76800
751.45200
750.71100
751.45600
751.43400
750.69500
751.70400
751.45500
751.44500
747.69400
751.45500
751.45600
746.74500
751.44000
751.44400
751.45400
751.44500
746.75700
750.71000
751.44100
751.45900
751.44200
751.69300
751.46500
751.44500
751.45500
751.46100
751.45400
750.53900
746.75000
746.98000
751.44400
747.71000
751.61500
751.42100
751.44100
751.43900
751.43600
751.45000
746.98200
751.45700
755.22300
751.44200
751.47600
747.71600
751.70000
751.44400
751.45900
751.44700
751.44600
751.45600
751.45800
751.45500
751.45300
747.72700
751.46300
747.71100
751.45300
751.45300
751.44200
751.69900
744.01300
751.44800
746.98000
747.72200
751.43300
751.46900
750.71500
751.62000
751.45000
751.56100
751.44600
751.44700
751.44500
751.44500
751.45700
751.45100
751.43700
751.46000
751.56200
746.77500
746.97400
746.88700
751.45300
751.45400
751.45200
751.44200
751.45000
747.70900
751.43300
751.44000
751.44000
751.44800
751.45700
743.04500
751.45500
751.69000
750.71400
751.44200
751.44900
751.44900
751.46400
751.45200
751.44300
746.73900
751.44600
751.44800
751.45600
751.45200
751.43600
751.46100
751.46400
750.71000
751.44300
751.46600
751.45800
751.46100
746.75800
747.70600
746.74100
751.44800
751.45500
747.71200
751.46000
751.45500
751.56700
751.45700
751.47100
751.44700
751.44800
751.68800
747.71100
746.75800
751.45600
751.44900
751.55800
751.44400
751.42500
751.45400
751.68500
751.44700
750.53900
751.45200
751.45500
751.44500
747.70500
751.45500
751.46800
751.45100
751.45500
746.74300
751.44700
751.45900
747.71200
751.45000
751.45500
751.44900
751.44100
751.68300
751.44900
751.56200
750.72300
751.46100
747.68500
751.43300
751.68500
751.45500
746.74500
751.43600
751.45800
751.44900
751.46300
746.97700
751.43500
751.44200
751.42300
751.44600
751.44500
751.43200
751.43700
751.46400
751.44600
751.44800
751.44600
751.47000
751.56500
751.44400
751.44100
751.43100
751.44900
751.45000
751.46900
747.73000
751.45500
747.72300
751.45300
751.44700
750.70900
746.98600
751.45600
751.44100
751.68600
751.44400
751.46600
746.98200
751.43800
751.44300
746.75600
751.43400
746.74500
751.44300
751.68100
746.75300
751.45300
751.42600
751.56700
751.44600
751.44500
751.61700
750.53500
751.45500
746.73000
746.75300
751.45900
751.45700
751.42400
751.45900
746.74400
751.44900
751.62200
751.44000
751.55800
751.46200
751.45400
751.45300
751.43900
750.71700
751.45100
751.46300
751.46200
750.72300
751.45400
751.42800
751.44600
751.44800
751.45000
751.45100
751.61700
751.43600
751.44300
751.43700
751.44300
751.45200
751.45400
750.71000
751.43700
751.46100
751.45000
751.45200
751.57000
751.45300
747.72600
746.55900
751.42200
751.45200
751.47400
751.45400
751.45400
751.45400
747.73000
751.45300
751.67500
751.43400
751.44400
751.55000
751.68400
751.69400
751.43600
751.45800
751.44700
751.47100
721.37500
751.44300
746.75900
751.46200
751.45900
751.68700
751.44000
751.68700
750.71800
751.45700
751.44900
746.75200
746.75200
751.68200
751.45700
751.44300
751.43700
751.45500
751.43600
751.45400
747.70500
751.44900
751.45700
746.75700
751.45300
751.44900
751.43900
747.71400
746.96800
751.45000
751.43600
751.63700
751.44700
751.45500
746.74300
750.71600
746.97400
751.43600
751.57400
751.46900
751.42900
751.43700
751.44500
751.45000
751.56600
751.45400
751.42400
751.70600
751.45300
751.45800
751.44300
751.44900
751.45900
751.46200
746.76200
751.45500
751.68400
751.45400
751.45600
751.44800
751.44500
751.44500
750.47100
746.74000
751.44900
747.70100
751.45200
751.43900
751.45200
751.54700
751.45900
751.43700
751.61400
746.99300
751.55800
750.71500
751.45100
751.67900
751.45500
751.45300
751.45300
751.46400
751.55200
746.75100
751.44900
751.45000
746.74400
747.71100
751.42100
747.71800
751.45400
751.44700
751.45100
751.44800
751.44600
751.44800
751.44200
751.44900
751.55600
751.44700
751.45900
751.43400
751.44500
755.22600
751.44400
751.45100
751.45300
751.44800
751.45500
747.70900
751.45300
751.63600
751.45700
751.44200
751.44100
751.67800
746.75500
746.56200
751.56100
751.45000
750.60600
751.47300
751.46100
751.44700
746.75200
751.45300
751.45500
751.45000
750.70800
751.45700
746.74500
751.43900
750.71100
751.44500
751.45700
751.44500
750.70900
751.47100
751.44200
750.58900
751.42900
751.44700
751.46500
746.96800
751.44500
751.45100
746.98600
751.45200
751.45400
750.71300
751.43800
751.45200
751.69100
747.71300
751.46000
751.42600
751.43900
747.70300
751.44500
751.44900
751.45100
751.44400
751.44300
746.97800
751.45400
751.45000
751.45200
751.45200
751.46200
746.98500
751.44200
751.44300
746.88000
747.70500
751.48000
751.44900
751.46500
746.74200
751.69900
751.45200
751.44500
751.45500
751.44400
751.44500
751.45400
746.97800
750.72300
751.44800
750.71800
747.70000
751.44700
751.42700
751.46100
751.46600
751.43800
751.45100
750.69800
751.43700
751.46400
751.45800
747.71400
746.77100
751.45600
751.45700
746.98200
751.45600
751.45800
746.75700
751.43300
751.43300
751.44000
751.56200
751.46300
751.43900
747.69100
751.45000
751.45100
751.43100
751.45400
747.70200
751.45000
751.56500
751.46600
746.74700
751.45000
751.68000
751.45400
751.45200
751.61900
751.45600
751.45900
751.46900
751.45300
751.44700
751.44200
751.45000
746.98100
750.72000
751.45400
747.72200
751.43400
751.44600
747.70600
751.45600
747.72100
751.44900
751.43700
751.45800
751.45200
746.75500
751.44000
751.44700
751.44300
755.46100
751.45300
747.70100
747.70100
751.45000
751.69200
751.43900
747.71200
751.45100
751.45100
751.44800
751.45400
751.45400
751.44800
751.43500
751.44800
751.45900
751.45600
751.44500
751.45200
751.44500
751.61100
751.44800
751.43600
751.45700
751.43400
750.72800
746.74800
751.45300
751.44200
751.44100
751.44900
751.43700
751.45800
751.44400
751.69000
751.61700
751.45200
751.44900
751.45300
751.56400
751.45100
751.44300
751.45300
751.44600
751.45500
751.44800
751.46300
751.44800
751.44000
750.60600
750.46600
751.67600
751.43700
751.43300
751.43800
751.45600
747.71500
751.45100
751.44200
751.45900
751.44900
751.70400
751.44500
751.46100
751.43300
751.43000
750.71900
751.45000
751.43400
751.46500
751.45700
751.46000
747.70700
751.44300
751.45400
751.42300
751.42300
751.42900
751.44600
751.45500
747.70700
751.44000
751.44100
751.44800
751.45900
747.72100
751.44000
751.45700
751.45400
751.56400
751.45200
751.44800
751.47200
746.74700
751.43000
746.75200
751.44300
746.98000
751.44900
751.45500
751.46100
751.44100
750.71600
751.44500
751.43600
751.67600
751.44600
746.99500
750.62400
751.55800
751.45000
751.45400
751.44200
746.88700
751.45100
751.42700
751.70700
746.98500
751.44800
746.74600
751.69200
751.56300
751.44900
751.44800
751.46300
751.45800
751.42700
751.56200
751.45800
751.44400
751.45100
751.43700
751.44400
751.44000
751.44100
751.67200
751.44100
751.46300
751.44200
751.67800
751.45800
751.45400
751.44600
750.72500
750.72700
751.44900
751.68500
751.66800
751.55600
746.98600
751.42400
751.46000
751.45900
751.45300
747.72300
751.43600
751.45700
751.44400
747.69900
751.43900
751.42900
751.44700
751.70000
751.68500
751.45600
751.46500
746.74600
751.43900
751.44400
746.96800
751.44200
751.68500
751.45100
751.45600
751.57000
751.45100
751.42700
751.44600
755.39100
751.69300
751.44600
746.96600
746.98500
751.46000
751.45900
751.45100
751.54800
751.45200
751.44900
751.44700
751.44700
751.44700
751.43800
751.43900
751.45600
751.46000
751.44600
750.72200
751.45500
751.44700
751.44200
751.44500
751.43100
751.47000
751.44500
751.44600
751.44800
751.44900
751.47600
751.47000
751.44500
751.60800
751.44700
750.47700
750.70100
751.44200
751.43900
751.40900
750.72200
747.70700
751.43200
751.45900
751.44800
751.57600
747.72300
751.44700
751.44600
751.69600
747.71200
751.44500
746.97400
751.44500
751.45500
751.45700
751.45000
755.22300
751.46200
751.44600
750.72200
751.46200
751.44700
751.67900
751.44800
751.46200
751.44600
751.44100
751.44300
750.71100
751.42000
751.43900
751.68200
751.43800
751.44700
751.55200
751.44600
751.46200
751.45400
751.44200
751.43500
751.46000
750.71900
747.45600
751.45200
750.60600
751.43400
751.45400
751.45200
751.45400
751.44800
751.43600
751.45000
751.56300
751.44000
751.43500
751.46200
751.44200
751.44700
751.45200
751.44900
751.46400
751.69000
746.76300
751.43900
747.44100
751.67900
751.42300
751.45200
751.45400
751.44900
751.44300
751.45100
751.46900
750.71200
755.47600
751.54700
751.45700
751.44500
751.45200
750.71400
751.67900
751.46600
750.70700
751.43800
751.45800
751.43700
746.74000
751.45600
751.43300
751.44500
746.63800
751.45200
746.97500
751.44400
751.45100
751.44100
751.42600
751.45500
751.44400
751.44300
751.45700
751.45100
751.46400
751.45400
751.45200
747.69700
751.56200
751.43900
751.43300
751.43900
746.75500
751.46400
751.45600
751.45300
751.43900
751.69800
747.87800
751.44200
751.54800
751.61800
750.72400
746.76300
750.62200
751.45100
751.46300
751.46000
751.46800
751.44400
751.43600
750.72300
751.45500
751.43600
751.46700
746.81500
751.45200
751.45300
746.74300
751.56600
751.45700
751.44100
751.43800
751.45400
751.69700
751.45300
751.45300
751.43900
751.68200
751.43900
751.43800
751.44700
751.44900
751.44800
750.46600
755.45700
751.45800
750.48500
751.44300
751.44400
751.46900
746.76100
751.45700
751.46000
746.97300
751.44700
747.70900
751.46800
751.44100
751.46100
751.43500
751.45900
751.44800
751.44700
751.44100
751.18300
751.45700
750.71600
747.71100
751.46700
751.45000
751.44100
751.44700
747.70500
751.42200
751.44200
751.44900
751.45900
751.45600
751.45400
746.74900
751.43800
750.72000
751.44500
751.44100
751.46700
751.43900
751.42100
750.73800
751.69900
746.62000
751.57100
751.44100
751.45500
751.42800
747.70900
746.76400
751.46000
751.43400
751.44700
751.44500
751.45300
751.44600
751.44900
751.43200
751.44400
746.96900
751.47300
746.98200
751.44600
751.44800
746.73700
751.45300
751.43200
751.44000
751.45300
750.71300
751.44800
751.44500
751.44700
750.70800
747.72100
751.45400
751.45900
751.46900
751.46600
751.44200
746.72700
751.44400
751.44500
751.55500
751.45400
751.67300
751.42900
751.43400
751.44000
751.46000
750.72600
751.45400
751.45300
751.44900
751.43900
746.98900
746.97000
746.96900
751.46400
751.44900
746.97300
751.44900
751.46000
751.45400
751.44800
751.46500
746.97500
751.47000
751.44100
751.44100
751.43900
751.43000
751.45600
751.44500
751.44100
751.45200
751.68900
746.99000
751.44700
751.45000
750.60500
751.55900
751.45600
751.43800
751.44400
750.71300
751.42800
750.72400
747.71400
751.45000
751.44300
751.45800
751.45300
751.68100
751.46700
750.71700
751.44800
751.44600
751.44900
751.43800
751.45600
751.46100
751.44300
751.44500
751.42600
751.43700
751.44000
751.43800
751.43700
746.79900
751.44400
751.44600
746.97000
751.45200
751.45100
751.47000
751.45100
751.44100
751.43400
751.47100
751.46000
751.42800
750.60800
751.44100
751.44500
751.43900
746.02200
751.46400
751.46000
751.46700
751.44400
751.44700
751.44100
743.28500
751.44800
751.44400
751.44100
751.43700
751.46000
751.42600
751.44800
747.70400
747.70500
751.43500
746.71200
746.98900
747.70400
751.45200
751.44600
747.69500
751.68200
751.43800
751.45300
751.44300
746.98400
751.45200
751.44600
746.86500
751.44200
750.71000
751.43700
751.44100
751.45900
751.44600
751.45300
751.44400
751.42300
751.44800
751.44700
751.43900
751.46100
751.43400
751.45200
751.70900
751.44000
751.44800
751.43700
751.44800
751.45700
751.44800
751.44600
750.71300
751.46800
751.45500
751.44000
751.44200
751.68700
751.47400
750.70600
747.70900
751.44100
751.46200
751.44700
751.46100
751.68700
755.20700
751.44300
751.44300
751.45000
750.70800
750.70800
751.44500
751.55900
751.45500
750.72600
750.70600
751.45600
751.44400
751.46200
751.67600
746.98800
746.98800
747.68900
751.45300
751.45400
751.56400
751.45500
751.57900
751.44500
751.45200
746.98400
751.44300
751.69500
751.43600
751.44900
746.74400
751.45500
751.45800
751.54700
751.61700
751.45600
751.44400
751.45100
751.45400
746.75500
746.74900
751.44500
750.72000
751.41700
751.45100
747.72200
747.56000
751.43800
746.97900
751.46000
751.44900
750.47200
750.54200
751.45800
751.43900
751.44700
751.43700
751.45100
751.43900
751.46400
751.43100
751.44600
751.46500
746.75000
751.44900
751.46400
751.43300
751.42600
751.44000
751.45600
747.71400
751.46400
751.44700
750.72700
747.71300
750.72700
746.97900
751.45500
751.46000
751.45100
751.69200
747.70500
751.42300
751.43000
751.45100
746.73800
751.45200
747.70300
751.43900
751.45800
751.67800
751.45000
751.45200
747.72700
751.45200
751.43500
750.54200
751.44700
751.44600
747.70500
751.45300
751.44700
747.70500
751.46900
751.45500
751.42800
751.42600
751.45800
751.44900
751.44300
751.44100
751.44500
747.72600
746.75100
751.44300
746.74100
750.61000
751.43700
751.41500
751.45000
751.45900
751.44000
751.44200
751.45600
747.69900
751.44300
751.44600
746.97000
746.97500
751.43700
751.68800
751.43800
751.55200
751.46700
751.45600
750.72700
751.44900
746.48800
751.45600
746.99400
746.98600
751.43600
751.45900
751.43900
751.45800
746.74900
751.43200
751.44100
751.44300
743.07800
751.46200
751.43400
750.72300
751.43200
747.70600
751.68300
751.43000
751.46900
746.75000
751.45800
751.67400
751.45400
746.86900
751.44400
750.71000
751.44000
751.44400
751.44600
746.98000
751.45500
751.44900
746.74000
751.45400
751.43600
751.57100
751.44400
751.44600
751.44800
751.44300
747.72000
750.71100
750.72200
751.44900
751.44900
746.74500
746.98200
751.44600
751.45000
751.43700
751.46100
747.72000
746.74200
746.98400
746.73700
751.45100
751.69400
747.70000
751.43000
751.43100
751.45000
751.44500
746.74400
747.45900
751.45100
751.43800
751.43800
750.70800
751.44000
751.44800
751.43700
751.44000
746.75300
751.44600
751.43500
750.70700
751.45900
751.43600
751.41000
747.71000
751.44200
751.43700
751.42300
751.44000
751.45200
751.43200
751.45300
751.45600
751.44000
751.45000
751.63400
747.71400
751.44300
751.45300
751.45400
751.46700
751.62700
751.44800
746.74900
751.42400
747.70100
751.45300
751.43800
751.45700
746.73700
751.45000
751.45000
751.44900
751.43800
751.46100
747.70100
751.45000
751.45100
751.45500
751.44400
747.69100
747.70300
747.71100
751.44800
751.43600
751.45000
751.44800
751.43400
751.44000
751.45200
751.43800
751.44000
751.45300
751.44800
751.45100
751.43100
751.45400
750.71800
751.44000
751.61100
751.44500
751.45800
747.69800
751.45200
751.45100
751.44300
751.44700
751.45700
751.43900
751.45700
751.45300
751.46800
747.71500
751.47000
746.74700
747.70100
751.68900
751.44100
746.75600
751.55800
751.43900
751.46100
751.55200
751.45800
746.75000
751.44900
751.44400
751.45100
751.43900
751.45100
746.81500
746.75300
751.44800
751.45500
751.45100
751.57900
751.46000
751.45500
751.44100
751.69300
751.44700
751.57500
751.46100
751.68200
751.44700
747.45300
751.45100
751.44900
751.45600
751.45300
751.45100
751.43500
751.69300
746.98200
747.70800
747.70000
746.75900
747.71300
751.44000
751.43500
747.70500
751.44300
747.70200
747.70100
751.45700
751.61000
751.45800
751.45200
751.43400
751.43000
751.44600
747.70500
751.43900
751.42600
751.45400
746.74300
751.45200
751.45700
746.98100
746.98700
751.45700
751.45900
751.44500
746.96900
751.43800
751.70000
751.44200
750.71300
751.45700
751.44500
751.44800
751.46700
747.72300
751.46300
750.71500
751.68700
751.46000
751.44400
751.46600
751.45300
751.44600
751.45900
751.45000
751.43800
751.43800
751.45800
751.44300
751.44900
751.45700
746.74200
751.43800
746.72900
747.71300
751.67800
751.44300
751.41800
751.45600
747.71600
751.43500
750.71900
751.44900
751.45300
751.43300
751.45000
751.45100
751.44500
751.44500
747.68800
746.73600
751.44900
746.75700
751.45000
750.72400
751.45300
751.43600
751.44900
751.45900
751.44500
751.42600
751.43100
751.46200
750.72000
750.61200
746.97200
751.41800
751.43500
746.74100
751.44100
747.71200
751.44600
751.46100
751.43800
751.45600
751.45900
751.45300
751.43300
751.43700
751.44900
746.80800
743.28600
747.69900
746.74600
751.45800
751.46200
747.71100
751.45000
751.44700
751.44900
751.44100
750.70800
751.43700
751.44600
751.43600
751.46600
746.73700
717.92600
746.74600
751.45600
751.43000
751.43000
751.44900
751.45000
751.44100
751.45100
751.44800
751.44900
751.44500
751.44100
751.44200
751.62100
747.71000
746.97000
751.44000
751.44600
751.45200
751.44200
751.42800
751.43800
751.46300
746.80600
751.46100
751.44500
750.70700
747.70300
751.43100
751.45000
751.44900
746.74400
751.43300
751.45500
751.43200
751.45100
751.45500
751.44000
751.45300
751.69600
751.68400
751.45000
751.44500
751.44900
751.45100
751.69500
751.44500
751.44900
747.69800
751.43900
751.44800
751.44400
751.43400
751.45200
751.43800
746.73900
751.47200
747.70100
751.43100
751.44600
751.45900
746.74500
751.42800
751.44400
751.44600
751.45400
751.44700
751.43300
751.44600
751.43800
751.44800
743.05300
751.44400
747.70700
751.43000
751.45100
751.45400
751.42000
751.45100
751.42400
750.71500
751.43400
751.44500
751.45900
751.44300
747.70400
751.43100
751.44400
751.43900
751.46300
751.43500
751.44800
750.72100
751.44100
751.43600
750.71600
751.43300
751.43300
751.43100
751.43800
751.44100
746.74400
751.43600
751.43100
751.47000
746.74800
751.43600
750.71600
751.45500
751.44400
751.46000
751.57900
751.44300
751.46500
746.96600
751.45700
751.44700
751.55600
751.44500
751.48400
751.44100
746.76500
751.46600
751.44300
751.44600
751.55800
751.45100
751.43100
751.43500
751.44500
751.44100
751.42800
751.44800
751.54900
751.63500
751.45100
751.44900
751.44500
751.68500
743.04000
751.44100
755.23000
746.98200
751.44300
751.44400
751.45100
751.42900
751.44300
751.43900
751.44100
751.45400
751.44900
751.45700
751.44200
751.44500
751.44200
751.45200
751.45300
751.44700
751.69600
751.45700
751.45400
751.45900
751.43800
751.44400
746.75100
751.44900
751.44000
751.69000
751.44500
751.44500
751.45200
751.41700
751.45300
751.44000
751.45100
751.44700
751.41900
751.43700
746.98300
751.44500
751.62300
751.45700
746.98700
747.71600
751.44100
751.44400
751.45400
750.70100
751.44900
751.55100
751.45300
747.67900
751.42000
751.44300
751.45400
751.45300
751.46300
746.80200
751.44300
751.43000
751.43500
751.44200
751.44600
743.05000
751.44500
751.44300
751.43600
751.44600
746.74200
751.45000
747.69500
751.44900
751.43900
751.68700
751.42900
751.44300
751.44700
751.42500
751.43000
746.99100
751.41500
751.46600
746.74900
751.44200
751.43100
746.98100
751.45500
751.44500
751.45700
751.59900
746.73200
751.68300
751.45400
751.43200
751.68200
750.71200
751.44000
751.35900
750.69600
751.46400
751.45400
751.44800
751.42100
751.44400
751.45200
751.44900
746.74600
751.45300
750.71700
750.71900
751.66900
751.55500
751.43700
751.44600
751.44700
751.45600
750.70700
751.44400
750.71300
751.44900
747.71800
751.45100
750.70800
747.70800
750.72900
751.44200
751.42100
751.44800
751.44400
751.43500
751.44300
751.45100
751.44500
751.45800
751.67900
751.45700
751.61900
751.42600
751.45800
746.97500
751.45500
751.44900
751.45200
751.45100
755.47300
751.44400
751.46100
747.55600
751.63500
751.54900
746.74500
751.45300
750.72100
751.43600
751.42300
747.71900
751.41700
751.44200
751.45200
751.46400
751.44400
751.44400
751.45300
751.44200
746.97900
751.43500
751.43300
746.72200
751.67100
751.44300
751.43500
751.44000
751.45200
751.43600
755.47700
751.67200
751.43100
751.45000
751.68200
751.45200
751.45200
751.46200