751.44100
751.43800
751.66600
751.42800
751.42500
751.44600
751.43100
747.69700
751.44200
747.69600
751.59900
751.43200
751.67200
747.70500
751.43900
751.55100
751.43300
751.66700
747.69500
747.69500
751.44100
751.67100
751.43500
751.43800
751.43700
747.69100
751.42900
751.66600
747.69900
751.43000
751.66600
751.44000
747.69900
751.44100
751.44000
751.43500
751.43500
751.44000
751.44900
751.43300
751.43600
751.43400
751.66500
747.69000
747.69000
751.44500
751.43500
751.44000
747.68300
751.66600
751.67400
747.69300
751.44800
747.71100
747.69900
751.43100
751.43700
747.69100
751.43700
751.66500
747.71200
751.43900
751.43500
751.43100
751.44100
751.44200
751.42400
751.43200
747.70100
751.42800
751.43000
751.44200
747.69600
747.70000
751.43600
751.66800
751.43900
751.43600
751.44700
751.67300
751.43400
751.50600
751.49900
751.43500
751.50100
747.70400
751.43900
747.69100
751.42500
751.43700
751.43400
751.44100
751.43600
751.43500
751.60000
751.44000
751.44200
751.49700
747.69000
751.43800
751.42200
747.75600
751.66900
747.69600
751.59900
751.43400
751.60500
751.44900
751.43400
747.69600
747.68700
751.48800
751.42400
751.43500
747.68900
751.43800
747.67500
751.50100
751.49700
751.43500
751.66600
751.45200
751.44000
751.43000
751.43600
751.44700
751.43900
751.44500
751.43800
747.68800
751.65900
751.43300
751.44300
747.71000
751.43400
747.69400
751.43300
751.43000
751.43900
751.44500
751.44000
751.44700
751.42700
751.43400
751.42800
751.60400
747.69700
751.43100
751.66300
751.44800
751.44100
751.42600
747.69500
751.44000
751.66500
751.43000
751.42900
747.69100
751.60100
747.69700
751.43100
751.43100
751.44500
751.45000
751.44500
751.43200
751.43800
751.66700
751.43500
751.44600
751.42900
751.66500
751.67100
751.43800
747.68900
751.44000
751.43200
751.42000
747.69000
751.44000
751.41700
751.43300
751.67100
751.43700
751.67500
751.43600
751.43800
751.66200
751.43600
751.43800
751.67900
747.70000
751.65800
751.42900
751.43100
751.43700
747.69400
747.69300
747.69600
751.43000
747.70100
751.43700
751.60000
746.96900
751.42800
751.44400
747.69000
747.69200
751.44400
751.43200
751.43100
751.43300
751.60800
747.70400
751.43100
751.43900
751.44200
751.66400
747.70100
751.44400
747.70000
751.66500
751.43900
747.69400
751.61100
751.42900
751.42200
751.61600
751.43800
751.44100
751.43600
751.44300
751.43400
751.44200
751.44100
751.60700
751.67200
751.42600
751.61200
747.92200
747.69200
751.66600
747.69400
751.44300
747.70200
751.43800
751.43900
751.67000
747.69800
751.44200
751.43300
747.70900
751.42700
751.43800
751.60400
751.43100
751.60600
751.43100
751.44200
751.49500
751.43700
747.69000
747.69600
751.43700
747.91700
751.67500
747.69000
751.60200
751.43300
747.69900
751.44500
751.43000
751.66700
747.68900
747.69000
747.69700
751.42900
747.69900
751.44000
751.44600
751.43600
747.70800
751.66300
747.80100
747.69400
751.66600
751.42800
751.61300
751.43200
751.44300
747.69900
751.66800
751.43500
751.61600
751.66500
751.43300
751.49300
751.44500
751.42900
751.67500
747.69600
751.66200
751.44800
751.43500
747.69200
747.68300
751.43500
751.43400
751.43500
747.70100
747.70500
747.69100
747.69300
747.68800
751.44600
751.66600
751.44400
751.42700
747.70100
751.44200
751.43800
751.43400
751.43300
747.70100
751.66400
751.44100
751.43300
751.44000
751.65600
747.70100
751.66800
751.42900
747.69400
751.66300
751.43600
751.43900
751.67200
747.69700
747.80100
717.89000
751.44100
751.66100
751.44500
747.69700
751.44500
751.61000
751.43000
751.49100
751.43400
751.43800
751.42900
747.69000
751.66500
747.69400
751.43700
751.43600
751.67100
751.50000
751.44100
751.43100
751.66300
751.43700
751.60100
751.43200
751.43400
747.69300
751.43900
751.43200
751.67600
747.69600
751.43400
751.43800
751.66300
751.66500
751.43800
747.69000
751.61200
751.44700
751.42800
751.44000
751.43600
751.43900
751.43400
747.69200
747.69300
751.43200
751.66900
751.48600
751.44700
751.44100
751.49900
751.42700
751.60500
751.44400
751.43500
751.43300
751.43000
751.43600
743.98400
747.69100
751.67600
751.67000
747.86200
747.69700
751.66800
751.44000
751.67500
751.44200
747.79900
747.69700
747.69200
747.70200
751.44000
751.43800
751.43900
751.54600
751.67900
747.69600
751.43500
751.43600
746.74700
746.96900
747.91400
751.60800
751.44100
751.43000
751.66400
751.44900
751.49900
747.70400
751.43700
751.43400
751.43200
746.97200
751.61700
751.66300
751.66300
751.42500
751.42700
751.43700
751.66500
747.80200
746.80500
747.69800
751.43600
747.69500
751.67800
747.69500
746.86300
751.66700
751.43200
751.66500
747.69300
747.69600
751.42100
747.69500
751.43100
751.42800
751.60900
751.43500
751.66800
751.42500
751.66600
747.70700
751.54400
751.43700
751.66900
751.43200
751.42400
747.69300
747.69400
751.42900
751.66700
751.67500
751.44700
751.66400
747.68500
747.69400
747.69700
747.69700
751.43400
747.69400
751.66600
747.68800
751.66500
747.69400
751.67300
751.60100
747.69400
747.69900
751.43400
751.60600
751.66700
751.66700
751.67100
747.79900
717.21400
751.66500
751.43400
747.68700